111120111011012212111011211122022110111020111111210202102111012112020021011100211021112212002112211012201011202011010121112211212221010122222112120122
221221121120220012020102001111110211210212122211221222112222200112211211112111111110000211210112011102112220110211002110200101011101102210010120101121
111111112021021101222101102121110000121102022022012002201121011111211211201210110011112011011111121121120200201011111220220122212111121111120011012122
122120211111011112221102012201221102201001201011022112121122001222220120202112122101121012111101121010201122220120010221102120212021012112112111212022
122201002212212001020122210111020110112222112201110221111112221011012121210011111122122111120112112222212012102120120111111112211121122110111122101222
221100122020112111122112211112212221010221122120021120101201011122102112001101200022121221111211122001002011211221211122110101120111021222221112112112
212111121112001002112001210200102201111221210011210001212110220211010022222111221011110012101111020201121211121011120212121221221111210212211121110112
120201201022111010211021100110011001211110210011111021021121121121212121211101222121121102111201211112020111101112111110001220110211101111111210110111
222220020112101111221102101011101101111011121212120121100121222220111012102020221210022121121020121120122112011121111112112101001111212122112122012101
110021200100001012202111000201212100101122112012120210221100201120122201121012011210212110211121101212210221121120021002221011011111211011101110221111
122010211221202112101101011121201001111212011222011011212112122212211122221010210212112121120111201021212000111211210221122010122201111121002021111112
212111011101110112022122001012211111111111221020222112012112010211111221111021110211001211102111121110120121100201002110112101102111000111112122110010
121021112121101221121222022000110122220110102111120211002122211110112220201021110112211112210212101110221001121211202111222122211102111122211222011002
210112101122111110112121201121221020111222112221110121020111120122122002012021222221012211222210100011221122102111111111210202100022112100112111211210
101111210022002111210111021221221121011021211210222200221111001111212121002210211211121111111212221112211022102011110112102021111100121221112112122222
120011000001112111211212101011210210012201011112212112121122220022110111220111211210201110202111121011102200110211100111210110221112101100122202211112
012120112012101012211100122201110201002021201112102201111112011111122122210011011112022001111010100012102222111111010021100101112211011112211210111011
021111112221111110111110221221021112011112221211022120011201201111111202212101211221021111002211222121111101111122112012110001211110111002020111011110
102122101222111121111111221111200011020001211112111111100110111121012102222021201121122022022211012212011220201100210110222212122221020211011101111110
212012120221211202221212101221111120211111221220121020211111211221121221201202110111212120212122211011222112210211111110221220102001222221110202102122
022012221112222211201120112201121121010122121101110220112201210012000011112212122111012012112210100102022211212201122100121222011111110121001111010110
112211211122112111110222011212121111212211201221221201121012112112222110110101020112011102111120110111101222120021020211011112222110222110111121002121
020101212222121012221210011210222122112111112012121211022222012211212111222211112112121221102021221122121112222222122211020111002112211221201211012110
111121201200111212112121211222020110212010221011202222212201121111210101110221210020122222202121122111101110022011101222021210021122012112000022011222
211212122010022012011212101110212120121121021222000121002210110201011120221011220201021111110122111101211011202022111200012210211121221111112110120211
000121212121221210122022201000211112112012121111111120001111022011221000210122212001201111111111210002110111122010102100111112121200112112100211112002
021212102201012112212100120022110202020122112021111111112120211121122221020101111102112002211111211102201222121201220211110011212012211100202111202122
121110012122011101202221201221201202111121221101111112100110120211102100210102101102221112210201011010220111111111121210002211112211101210111120112101
121102020120021111011222210121210100111112211121200112002211111000111222110122211120011001210111121012202011112221012002112021111010111201112210210021
112112212211211121111111111120211101211101221010211201210221222111000222221100222112222211221002112212211121220122112211111001022110111210212222212110
122101211221100201121201202121121101101112212020111110101122120011202220212222111111201021021211120211122211201111102222110102012022101221211200221122
012212122110210222110201011101112111122122122022201101202010221211211012222122212000102012212021201110021111221212121212022122120112202121221111110111
012211121211012122211102221122100102112100102110102121022101202022221212022111221112011222201111012111111121102112111121121021020010122211111110111120
022221100110221212201101210121110211021201021021201111111211111112102212110111010112111110121021000022211111012210211202122101212211021212101201121121
201110011211121111120111101121202112122120211212111101122120021000211111112222211112012100121021112111201122212212101121111221122110222011020221221221
121112200012012221111201101212111020101111211211211212001211210111022111221111221220111102111102201210111111101122021022120112111100221021022211101111
022110111022122221210102011111012211121122201210121122120100111121101102120102002211212221222012221001210102020100010010212122112111111111012111201120
201101110102112110220211122211211121021021101212011120100211222211102110212001121002212110212022110210120121200221010011111022210121210122021001221121
111221211211112200011112210100111110110122222211121200121112101201121101111011011000021122220212211111112110111211210212002110102111120211102101111122
111112221102100010111201111101220020022211121111111111111011101102112020012211102001221212102112201121210112111020120112112101202111112122011111121111
211211102102221212221110110010221220102111102110111202211101022100021010022101201002121100002221111020021211212101120222111201121001111221121120201222
121211011022221022110001220111021222011120121111011011011002121120220120200001211211110201012222201211112122002210120211122112211021121211021212221101
220201220012011120110112110111001122111121100212212121011011121111101111220222211210122110121200002200211002220122210021110202221111120202011211212111
122101012101020112111222111120222112012122121120011021011200001202212212111012210110121011121211210121122011011212122211011111110110110110010221111012
122101002111112202122212222210112221122120122220010111011120212111210211112220112112010120101110122102221210112002112201202012221111211210111002212121
111010221222202012101111211102102111111121201002001121102211021211112211121012221121020112111112112211102101101122111211211201112112121112222111111210
001211111101211111221122121202112211212111211011202112121120112210111121011112120110110111111111120011120211120211112001212101212201121011110001101011
011121120211200212200101111102121012110201220021221012211120111122100122011111222110121021010101112210211111121020020112211100012211111212101112201201
112111102211110002110022110011111022112022020020011211220022022120101211111221211211111102101211111111110112021122121101112111200111021202111112121211
102011102010201221121102212101221121210001220111100122210220122222121102111111101021212110222202111111021101122111112121221121212211212001012112120010
111211221111222111201110102101112121211001000011211121020111200110122121122010211201222110222012100122211222122011110112201101002121111200100100121112
221102221111021110122211210222111112110102001221010021210111201211101020210120111112112221222121220110021112122221111202000211112111210110022212011202
112221120210222211221222112022011112102020120011010011212212210010102101211021001100101211122112120102110120112022112002121112011211121021100111201211
221102212210112122101111200101211202111001212110112211212122200111112002121010010111200120211210112121102022122120102211101111221210211122121120110112
102011121211122121111122101012121201120100111112011012211011112022020222011121202122222011210211221110111112021101121112011210121102201121211011101212
101121112221112222222121222111021102010120202212211121221112010111101001211111212210220010112221121112111112220111220110111112112121011002122221121111
121101222111211121212101112211001020222100111110121212212101002100110001122210201012112111201222121220101112112122121112221122022222100111211011112010
011202211012211010111111221112201110121011201122100112022111102211121120220111100221122102212211021121120112110012111210100120221011110100012111221100
011200120000111022012021222121102112102211200011102200100111121121111012010210001011001111002222210121222221120121101112111120211122110111001100111211
212110011020120120011222122111111021111121201002201020212221222111121020011221111011102012212101101121102111112122111212011121121110112021101111110102
110001112212222102211110111011122211122121012110122122012112112102122122111111112201102111122111110000211202212211121212011002112102110111121112121101
211112210220021011210211111102100121121121112211121212011112220021121121110111200211122101221211221102111110221111212011211100111201111221111120201012
011012220210011211111122011222112121211201201122221101121221012110202112111211112001111112222120012221102111212202111101102002112212122001112001202110
111120112212110221102212102211222211021221221120122111112210012111121211221220211020101011112220111011121120121110211101112100011002222111112011201121
201202122010212122211021222211212111011110111001121011100012111011120211102112022112021222111100202101201222111212122112221112202120011210220012022121
011112212100220112211202212110111002111111011021220111122011220201021111111111111000111111210201120112122211011211111110220111221100022110221202100201
021211211101120102112111112111101111121110112221221122210122120221110211212000122010112222101110002112111111220200121022211222101121111021221111001101
011102111202111112201211112001011111121120020211101212212122211122220022120212021101012012020210001210111120022221200111121212122111211111011202111121
120210222010022222210221121211212010112210111110022100210201121101012201111111222121212101012211220210020210010021110111111120120201022110111221112111
201110122210011111110110122212200012111010211112021021121001212221020220222100211202021012022111122110102212211211021012211011200122210011111101122121
222021100102222012220210121220022222110101201220120111102121201110120100001211001211201210011222100011110111011210102220111220122111101111202122122022
221121121121210022122222000110101022121011222121121101110102112211121121121210001011010110122120120101112010200222211112211211211022212111222101201221
102210110012210002100211121111211111222122211222102211222021212212101110111112210221212021112211010211100111222010212100110210100212111101221021222020
111011110010212020112210111212021021202121112121010001021110210121011212212102111220100101011100011102110021011111201201021101122121121121100211111011
000221202110200020221211121110220012211012010111021010111102201111211211121012101200021021211011111221111111022112111120022112111212210122122201011110
201021210121102111122111100222021212111122112000111121010211111221120121111111111101101112101201101111021112210122112211122111122102002121121101102212
002111202112110202121100021121100101011012110111222101221122111212212021000112102111021102221110221020222121122220022100011011210101002211121220211212
212011110122112221210212111011120120110012120210220220122021120211101220121122122121120122101122012210120120221111012100201112021122221112010010211111
011111111022221001222120111021121211120200111110011021010112102111212112212021221100111002202121110201211201020221200222101022112010200110222012021111
201102111201101110211201111021111210021121111211221122101101012121122211112200112120110001021122111102110111011212020112011012211020202111111221100001
210011210021222201210210122111221002211121122011120111001122101112211010121211111012112010200222121111220011212111212020211012011120112220121112001122
021021112012101221112222012111211101021201112122012120202111222122001111021110111111110221121111211021111112211222210021101211121122221121021122111112
121222201211002111112021011212011120102210022011012211001010122121211121212120021111001112111221121012110112102201211211211200111211022211111002211122
102121111220201211121110021110111111111121110111122121111102111220111021011111221112012022220211121122001012110021111120011111111110120100122111211221
020121011111221221001022120112222121222101002222111211020112212111120121011220210101012011121221111121110122102120111101110010111212112011012112112221
121211021101212200201222011210212212011120121112211122111111120021211210212100111222021212211101021122120211111202122111211211201011011201221111102101
202212122201221211121011121120112201122120222121112221111221100120202111201212001111021011122112122101111110002002120200120121120111021221210101112111
010120001212111122011221211211221221100211021112200120112112112022210112211210101111121222021212120101121002201111111202111111021211122021121011011220
221010212121222100022201020111210011011211211210111010221122102111022200111121001121111120121110212011221102111120120212201020210120122210112102011102
010111111001110112122111112111210121201112222221210101111211112102100011111101211202211222110112111002211111212120110201011120110122211121110200221110
122201011221121010020211101211022211212201022111222112102121101122121120111111012102112121011211211021101101110121222102110112110211101111101011122112
211221111210011021112221112110102121020111021211120111111122112111211212012110012121011211222110221112211011111221000122211101011222111111022111101222
102011202112200221002020211010211021102101111121201111011102012210111111110211122211000211111111012010112210011102100120021210111211112112211110110121
212211011211112121221202112212222211102111102221212211211112101011111111122222022111221212101011222212211101211202110210100011112211011122101102112221
110111222022111011210212222220101120112122111101211111021012111021210111121111101010221211011000111021112120121201121121011022111121111020202120210202
121210022222110202121121222111111102220011022211120121021211111122120012112221212221210121112100100121211201211211111210111101201012120111121112212122
102122111112112121211100001001220022011111212220200110212111010120110122122021201021111111212012110022211021201112201020212010022010200011121200022021
110112111221212201220110221211010122221100100011212101000111101221211100101012120110121202121012210102212110211121111100102011210211112020221222111201
022111121222122212202011111012112201122010211210011100211121112111011112122112211121122121100101010112121122102212121222110112122222001111110112111102
121221021012221212211111011110001221111212221211111112112111220202120112222012101112212211202121210102022112002102122021112112211111111220202011012221
212002202110111222010102121001212201101210101101112122020211111211100112222102120111112121020101200122102121121012122122111211002011001011110111101021
021201110100021200120110012012210221111101112112112210012102211221100120211211210101121112101022122121201112121212200201121102111202111011012221021211
212111010211210021211111122111201020020121211221112221111111222000002110222110222010121220111121101210122201220221211210221201122202010012122201110012
122111111222022101212112100100121211102102112110101021001111121200121101221222002021202022111211112111011222122121211201200101201011122121111110212110
212122202211210212112110111211110212122122210212221221100021111120202222111202010121112121111212011101201000111212111121111112111111020110111221221201
120122002111101112112211112122111021220111121011221112211121221111012201012102112111221202200001111212111120022202221111112210121012010002212122012011
200120011110120011020211211011010210112111121202021101211022222121111201011102111211111011122102101122111122012000112011101222221222112121111221110110
022202001111121101022011212002112210211222121001100121211020212111011110122212112112220111000121211100111011111222210111212122111221221121202122111201
121211111011111211101021111111100112121121111221210111021222210211011211111212112011101112111211101100011022102021121121221220011120211101202121211100
111221100112120211121021120111112002221102222201210111121211010101111212110121200121202110211212111111112102010012211112112112102100122021101121012112
120222110121002000210012120100112101122102221211120112201120201212111222211221221020101211111122112011022100211002102121122121102201011110010011112222
210222010121121101121011210122221211021201201021111211002221212212120101111021211120121110212220201221101121220020111001011111021001110221210110222011
202220112012011222122111201011222022120221221111220111221211222201121021011211201121211110110210211221212101021111111222202012111101110101022211010211
012102010101212112110110012022112002221010021001222121122011102111202111111011011120002111212011111001110102021121011211111111101012011112001201211122
121112210021210111210122221221120121220221011001112112201021121112211120001222211001111111211012211121220211021110110122202102002121222110121120002112
120122111002120101221110112120122110112012111210101211211122000111110121121120110201021222120212201210112211102012111211222222111120210122212212122001
211111201101121012201012100221100111121111112020112000211222101112110211122211112221201221112211011200111112021101020211121011211020002111121100222001
201102112120222211101121101210121010112211220102212221212211221212122222012111221121122111102121212220001111011122121112201121202211212020121201111210
221102012122010011211002120221101111011112000111212011121021012121111221112111111200000122111112020111212222222011011121210101012021210002022010201111
012110211202112102101012122012121021110100221012212201201212121112011120120002110112112112111211212202010112012222120211122112212111121112121220211101
121101111010122110111112020010220112222011221012111101102122112221001011111111110100122102222221222101012201112111022101212111011200110010221002220221
122011111101011110110201101112211221111221000212012002101010221120201012111121121211011011211011112120211111121222211112122111122102211111112110111012
001222110001100212222111212201200112112100211121110121102022222211110102110121211011111102201012102101201111221111210211212111121112020212110112111111
211121221002211112120221110122111220102100111112121211011112120111212120012212100111221111121201012121212201211011102121020102100112121000111021220112
112211122120122221222110211110121111222211010111221110012000112221121222211122221100011201021121222121111222101010201010021211110220112120102010112011
100121202212211000010001200122212022111120221110001221202202220211110212210102011112112212012122100111220211112120212120121211021100202212210102120102
112210200221202210102121202211112211112211101111211101121211110121010212112202120110111121101110111200111111110211121211010112021011220121201210221112
221022212212112122111101121111011121210012100101011122201210101111110210112001111121000001211110111211211201022021210201011211222110111102212011001101
012110120222120012212111112111102022121111011121112112012222220110122101000221111110201021211001111111121110211011210100120011221111111110112010012101
111202010221022122102012112001120100012201211101120012110122212121110220011122111101112201211011102211112100100002012202111221002122010222221111121101
121111211211211011100122111200112120212001112102011021210112212212021221222221121211120022011112212111212122220221101210221021110222222001122011121102
011201222001112121210110100212222101110200212112001101200200201011121210221111100011111110110221102121211202122012222021001111220101210012121201111211
110002121212022110202221101111122221112122210110021211221210022111222121012112221111111122012221112112112112011111222221212111110221111010101112220122
112111010101101111111101011111121111121111121120122201221211022112100201100120121120112021010111112202011021112211021012002122111011111202020211121211
201211120101101122212211121112000212111102111011112100111020111211122111101212011201112111122012101121100221111221100000020121121102211121211112112002
221212211100111101102121121200010001022111101120121102121022211112111211221222001201222110011121002011201121102121200011111021012120221111201111201111
111212112012200221101102021101012110121201122121022021022111101112102111112212202121211111022101211121201011212212201101111202001202111211012211211111
011112101110101002022211022202211102112111222211110111110011121001211200111112111111122111012011211102100220111101110102112122102220221121100222002121
021120022120122211212011010111112111011011011122210110110012101010112202100110221212210202211112212211101122101111022020112010111121210021220111211202
012212011222121111101212122111112122101210210111112202211201121111111011211110020001111122211101111122111221120221220122211212111112100210221210121010
020221020111122001111222121110112111112120212011111101212211101211011011111220222111111012221022111012201102122011211211100222122011022101220111211201
212111102211101111222022112201111122012101120102001001112120102002021121211012121212102012211100111100122220121111211111221211000020121022221120110222
001212102111110202112011011110110001112011201211111210112021111112011212122210112001200112211101102211101212110211201001121101110120021221120200220111
211021002011012110212022212001122111110020121122112122112212200211221010112212010211220221112111011201111220022111101110101102111112101112202112122211
012222111211120210202121100121211111220021212000122201121202000112112111110002210112112202011111221212221110112101001221100022122222211122220112211211
211100122212110201210201120121112022011001122210210111202122010112222011110110000010022111112112212201221100111211100020111112011022111212112021210111
221101011210111211222011211102210002210100100011111210011211002112111111122221010011001111210110212122120000100111120211211221102111110112202022012101
221121222021111110122112021121121212111222212111211111101110201211122201221112120122111121121212101201011211220110220221111211211111112121100110211021
221112101121120121221210120211110101211201210012101001122122111221212001112222111101122212022012121200100121211120111221210201100011211211112112101101
111222102202112210001011212120011010010110211020022121112102200112121111201221121101121210212221122112021221122021110122122121111011211120211121122111
